layout_spectrum: 0.4469262214843184
typography_spectrum: 0.9366825826000422
color:
  brandStrength: 0.3916814641561359
  lightness: 0.20944222388789058
  saturation: 0.349526897771284
  rhythmicContrast: 0.8639547994825989
name: localtest
